0/1 00/01/10/11: 649210 648790  162534 162505 161637 162324
0/1 00/01/10/11: 649101 648899  162942 161404 161813 162841
0/1 00/01/10/11: 649407 648593  162806 161732 162063 162399
0/1 00/01/10/11: 649760 648240  163225 161641 161669 162465
0/1 00/01/10/11: 648533 649467  162556 161842 161579 163023
0/1 00/01/10/11: 648838 649162  162759 161708 161612 162921
0/1 00/01/10/11: 649326 648674  163053 161599 161621 162727
0/1 00/01/10/11: 648441 649559  162167 161986 162121 162726
0/1 00/01/10/11: 649121 648879  163075 161911 161060 162954
0/1 00/01/10/11: 649429 648571  162991 161555 161892 162562
0/1 00/01/10/11: 649799 648201  162896 161613 162394 162097
0/1 00/01/10/11: 648456 649544  162620 161685 161531 163164
0/1 00/01/10/11: 648693 649307  162414 162277 161588 162721
0/1 00/01/10/11: 648803 649197  162737 162258 161071 162934
0/1 00/01/10/11: 649198 648802  162805 161889 161699 162607
0/1 00/01/10/11: 648192 649808  162475 161961 161281 163283
0/1 00/01/10/11: 649103 648897  162379 162153 162192 162276
0/1 00/01/10/11: 649306 648694  162834 161948 161690 162528
0/1 00/01/10/11: 650051 647949  163112 162281 161546 162061
0/1 00/01/10/11: 647688 650312  161999 162342 161348 163311
0/1 00/01/10/11: 648957 649043  162345 162120 162147 162388
0/1 00/01/10/11: 649329 648671  162812 161859 161846 162483
0/1 00/01/10/11: 650390 647610  163512 161383 161983 162122
0/1 00/01/10/11: 649761 648239  163103 161512 162043 162342
0/1 00/01/10/11: 648961 649039  162699 161705 161858 162738
0/1 00/01/10/11: 648978 649022  162582 161674 162140 162604
0/1 00/01/10/11: 648781 649219  162761 161477 161782 162980
0/1 00/01/10/11: 648654 649346  162552 161815 161735 162898
0/1 00/01/10/11: 649495 648505  162840 161893 161922 162345
0/1 00/01/10/11: 649306 648694  162818 161405 162265 162512
0/1 00/01/10/11: 648462 649538  162666 161628 161502 163204
0/1 00/01/10/11: 648597 649403  162001 162878 161717 162404
0/1 00/01/10/11: 650035 647965  163122 161953 161838 162087
0/1 00/01/10/11: 648340 649660  162683 161365 161609 163343
0/1 00/01/10/11: 647890 650110  161839 162250 161962 162949
0/1 00/01/10/11: 649384 648616  162840 162048 161656 162456
0/1 00/01/10/11: 648272 649728  161867 162427 162111 162595
0/1 00/01/10/11: 649075 648925  162586 161966 161937 162511
0/1 00/01/10/11: 649258 648742  162848 161948 161614 162590
0/1 00/01/10/11: 648403 649597  162565 161488 161785 163162
0/1 00/01/10/11: 648848 649152  162797 161259 161995 162949
0/1 00/01/10/11: 648568 649432  162491 161678 161908 162923
0/1 00/01/10/11: 649407 648593  162829 161533 162216 162422
0/1 00/01/10/11: 648262 649738  162317 161822 161806 163055
0/1 00/01/10/11: 649443 648557  162129 162886 162299 161686
0/1 00/01/10/11: 648733 649267  162507 161792 161927 162774
0/1 00/01/10/11: 649931 648069  163146 162177 161462 162215
0/1 00/01/10/11: 648085 649915  162040 161821 162184 162955
0/1 00/01/10/11: 648918 649082  162672 161687 161887 162754
0/1 00/01/10/11: 649019 648981  162780 162048 161411 162761
0/1 00/01/10/11: 650000 648000  163461 161753 161325 162461
0/1 00/01/10/11: 649106 648894  162858 161644 161746 162752
0/1 00/01/10/11: 649525 648475  162915 161930 161765 162390
0/1 00/01/10/11: 648470 649530  162753 161273 161691 163283
0/1 00/01/10/11: 648927 649073  162872 161479 161704 162945
0/1 00/01/10/11: 649189 648811  162726 161922 161815 162537
0/1 00/01/10/11: 648485 649515  162436 162083 161530 162951
0/1 00/01/10/11: 648760 649240  162675 161466 161944 162915
0/1 00/01/10/11: 650173 647827  163425 161423 161900 162252
0/1 00/01/10/11: 648795 649205  162296 162058 162145 162501
0/1 00/01/10/11: 648463 649537  162137 162153 162036 162674
0/1 00/01/10/11: 648663 649337  162325 161425 162588 162662
0/1 00/01/10/11: 649250 648750  162751 162402 161346 162501
0/1 00/01/10/11: 650210 647790  163228 161993 161761 162018
0/1 00/01/10/11: 648362 649638  162080 162263 161939 162718
0/1 00/01/10/11: 649525 648475  162983 161855 161704 162458
0/1 00/01/10/11: 649332 648668  163339 161083 161571 163007
0/1 00/01/10/11: 649116 648884  162510 161640 162456 162394
0/1 00/01/10/11: 647627 650373  161995 161974 161663 163368
0/1 00/01/10/11: 649162 648838  163148 161416 161450 162986
0/1 00/01/10/11: 649032 648968  162965 161662 161440 162933
0/1 00/01/10/11: 650049 647951  163647 161428 161327 162598
0/1 00/01/10/11: 649118 648882  162335 162727 161721 162217
0/1 00/01/10/11: 649042 648958  162653 162101 161635 162611
0/1 00/01/10/11: 649195 648805  162983 161624 161605 162788
0/1 00/01/10/11: 648757 649243  162824 161618 161491 163067
0/1 00/01/10/11: 649386 648614  162876 161477 162157 162490
0/1 00/01/10/11: 649274 648726  162625 161718 162306 162351
0/1 00/01/10/11: 649104 648896  162890 161611 161713 162786
0/1 00/01/10/11: 648523 649477  162241 162307 161734 162718
0/1 00/01/10/11: 648290 649710  162462 161046 162320 163172
0/1 00/01/10/11: 649037 648963  162679 162332 161347 162642
0/1 00/01/10/11: 648533 649467  162417 161876 161823 162884
0/1 00/01/10/11: 649628 648372  162944 162044 161696 162316
0/1 00/01/10/11: 647052 650948  161464 161863 162261 163412
0/1 00/01/10/11: 649254 648746  162697 161759 162101 162443
0/1 00/01/10/11: 648879 649121  162794 161333 161958 162915
0/1 00/01/10/11: 648447 649553  162456 161815 161720 163009
0 1 00 01 10 11

0/1 00/01/10/11:  ---------------------------------------------------------
                  57111737 57112263  14315703 14241363 14238388 14316256

0/1:              0.499998% 0.500002%
00/01/10/11:      0.250660% 0.249359% 0.249306% 0.250670%

