0 1 00 01 10 11
0/1 00/01/10/11: 132085 132915   32876  33279  33054  33291
0/1 00/01/10/11: 131868 133132   32724  32814  33606  33356
0/1 00/01/10/11: 132541 132459   33284  32763  33210  33243
0/1 00/01/10/11: 133033 131967   33383  33097  33170  32850
0/1 00/01/10/11: 132541 132459   33039  33153  33310  32998
0/1 00/01/10/11: 132735 132265   33130  33181  33294  32895
0/1 00/01/10/11: 132066 132934   32931  33184  33020  33365
0/1 00/01/10/11: 132110 132890   32937  33115  33121  33327
0/1 00/01/10/11: 132343 132657   33041  33022  33239  33198
0/1 00/01/10/11: 132224 132776   32982  33089  33171  33258
0/1 00/01/10/11: 132457 132543   33057  33256  33087  33100
0/1 00/01/10/11: 132573 132427   33210  32958  33195  33137
0/1 00/01/10/11: 132531 132469   33046  33212  33227  33015
0/1 00/01/10/11: 132200 132800   32954  33105  33187  33254
0/1 00/01/10/11: 132634 132366   33145  33079  33265  33011
0/1 00/01/10/11: 132297 132703   32880  33399  33138  33083
0/1 00/01/10/11: 132605 132395   33282  32827  33214  33177
0/1 00/01/10/11: 132268 132732   33063  32880  33262  33295
0/1 00/01/10/11: 132602 132398   33237  33077  33051  33135
0/1 00/01/10/11: 132237 132763   32953  33301  33030  33216
0/1 00/01/10/11: 132105 132895   32868  33106  33263  33263
0/1 00/01/10/11: 132559 132441   33188  32966  33217  33129
0/1 00/01/10/11: 132486 132514   33148  33054  33136  33162
0/1 00/01/10/11: 132663 132337   33128  33460  32947  32965
0/1 00/01/10/11: 132367 132633   33059  33100  33149  33192
0/1 00/01/10/11: 132160 132840   33032  33117  32979  33372
0/1 00/01/10/11: 132428 132572   32955  33390  33128  33027
0/1 00/01/10/11: 132418 132582   33042  33003  33331  33124
0/1 00/01/10/11: 132496 132504   33028  33064  33376  33032
0/1 00/01/10/11: 132671 132329   33037  33569  33028  32866
0/1 00/01/10/11: 132554 132446   32962  33102  33528  32908
0/1 00/01/10/11: 132587 132413   33005  33032  33545  32918
0/1 00/01/10/11: 132655 132345   33308  32842  33197  33153
0/1 00/01/10/11: 132737 132263   33164  33078  33331  32927
