0 1 00 01 10 11
0/1 00/01/10/11: 175642 176358   88235  87407  87407  88951
0/1 00/01/10/11: 176183 175817   88760  87423  87423  88394
0/1 00/01/10/11: 175880 176120   88699  87182  87181  88938
0/1 00/01/10/11: 175932 176068   88729  87204  87203  88864
0/1 00/01/10/11: 175796 176204   88780  87017  87016  89187
0/1 00/01/10/11:      0      0       0      0      0      0
0 1 00 01 10 11
0 1 00 01 10 11
0 1 00 01 10 11
0/1 00/01/10/11: 3344789 3343211  1687714 1657076 1657075 1686135
0/1 00/01/10/11: 3343618 3344382  1686145 1657474 1657473 1686908
0/1 00/01/10/11: 3343093 3344907  1685537 1657557 1657556 1687350
0/1 00/01/10/11: 3343699 3344301  1686138 1657562 1657561 1686739
0/1 00/01/10/11: 3343136 3344864  1685803 1657333 1657333 1687531
0/1 00/01/10/11: 3345725 3342275  1688622 1657103 1657103 1685172
